62 24
0 0 0 0 0 0 0 0 0 0 0 0 0 0 0 0 0 0 0 0 0 110201 0 0 0 0 0 0 0 0 0 0 0 0 0 0 0 0 0 110103 0 0 0 0 0 0 0 0 0 0 0 0 0 0 0 0 0 0 0 0 0 0
0 110102 110102 110102 110103 110102 110102 110102 110103 110102 110102 110103 110101 110102 110103 110103 110103 110103 110102 110103 110205 110201 110202 110103 110102 110305 110301 110301 110301 110303 110102 110105 110103 110103 110103 110103 110105 110103 110101 110103 110105 110103 110103 110102 110103 110103 110105 110102 110103 110103 110103 110103 110103 110105 110103 110103 110103 110103 110103 110105 110103 0
0 110102 110102 110102 110102 110102 110102 110102 110102 110103 110102 110102 110102 110102 110102 110103 110102 110103 110103 110103 110205 110201 110202 110102 110102 110305 110301 110301 110301 110310 110306 110106 110102 110103 110105 110103 110106 110103 110103 110103 110106 110103 110103 110105 110103 110103 110106 110103 110103 110103 110105 110103 110103 110106 110103 110103 110103 110103 110103 110106 110103 0
0 110102 110102 110103 110102 110102 110102 110103 110102 110102 110102 110103 110102 110102 110103 110103 110103 110102 110103 110103 110205 110201 110202 110103 110101 110305 110301 110301 110301 110301 110303 110101 110102 110103 110106 110103 110103 110103 110103 110102 110103 110103 110103 110106 110103 110103 110103 110103 110103 110102 110106 110103 110103 110103 110101 110103 110103 110105 110103 110103 110103 0
0 110102 110103 110101 110102 110102 110103 110102 110103 110102 110102 110102 110102 110103 110103 110102 110101 110103 110104 110102 110205 110201 110202 110103 110101 110305 110301 110301 110301 110301 110303 110101 110101 110105 110103 110103 110103 110105 110103 110103 110103 110101 110103 110102 110103 110105 110103 110101 110103 110103 110103 110103 110103 110103 110103 110103 110103 110106 110103 110103 110103 0
0 110102 110103 110103 110102 110103 110102 110105 110102 110103 110102 110102 110102 110102 110102 110103 110103 110103 110103 110103 110205 110201 110210 110206 110102 110309 110313 110301 110301 110301 110303 110101 110101 110106 110103 110103 110103 110106 110103 110105 110103 110103 110105 110103 110103 110106 110103 110103 110103 110103 110103 110103 110101 110103 110103 110105 110103 110103 110101 110103 110102 0
0 110102 110103 110102 110102 110102 110102 110106 110103 110102 110102 110103 110103 110102 110102 110103 110103 110102 110103 110103 110209 110213 110201 110202 110102 110102 110305 110301 110301 110301 110303 110102 110101 110101 110103 110103 110102 110103 110103 110106 110103 110103 110106 110103 110104 110103 110103 110103 110103 110103 110102 110105 110103 110103 110103 110106 110103 110103 110103 110103 110103 0
0 110103 110102 110102 110103 110102 110102 110103 110102 110103 110102 110102 110103 110103 110102 110102 110103 110103 110103 110104 110102 110205 110201 110202 110103 110102 110305 110301 110301 110301 110310 110306 110101 110101 110105 110103 110103 110103 110103 110103 110103 110103 110103 110103 110103 110103 110103 110102 110105 110103 110103 110106 110103 110103 110102 110103 110103 110103 110104 110105 110103 0
0 110102 110103 110103 110102 110103 110101 110103 110102 110102 110103 110102 110102 110102 110103 110103 110103 110103 110103 110103 110103 110205 110201 110202 110103 110103 110305 110301 110301 110301 110301 110303 110101 110103 110106 110103 110103 110105 110102 110103 110103 110103 110101 110105 110103 110103 110103 110103 110106 110103 110103 110101 110101 110103 110103 110103 110101 110103 110103 110106 110103 0
0 110103 110102 110102 110102 110103 110102 110102 110103 110102 110102 110103 110102 110103 110103 110105 110101 110103 110102 110103 110103 110205 110201 110202 110102 110103 110305 110301 110301 110301 110301 110303 110103 110103 110103 110103 110103 110106 110103 110103 110105 110103 110103 110106 110103 110102 110102 110102 110103 110103 110103 110103 110103 110105 110103 110103 110103 110103 110103 110103 110103 0
0 110102 110102 110103 110103 110102 110102 110103 110102 110102 110102 110103 110103 110102 110103 110106 110103 110103 110103 110104 110103 110205 110201 110202 110103 110101 110305 110301 110301 110301 110301 110303 110105 110103 110102 110103 110103 110103 110103 110103 110106 110103 110103 110103 110103 110105 110102 110103 110103 110101 110105 110102 110103 110106 110103 110103 110105 110103 110103 110103 110103 0
0 110102 110102 110102 110103 110102 110103 110102 110103 110103 110101 110103 110103 110103 110103 110102 110103 110103 110103 110103 110103 110205 110201 110210 110206 110101 110305 110301 110301 110301 110301 110303 110106 110103 110103 110103 110103 110102 110103 110103 110103 110103 110103 110103 110103 110106 110103 110103 110105 110103 110106 110103 110103 110103 110102 110103 110106 110102 110103 110105 110103 0
0 110102 110102 110103 110102 110102 110102 110103 110102 110103 110103 110102 110103 110102 110103 110103 110102 110103 110103 110102 110103 110209 110213 110201 110210 110203 110324 110320 110320 110320 110320 110322 110203 110203 110203 110203 110206 110103 110103 110105 110102 110103 110103 110102 110103 110103 110103 110103 110106 110101 110101 110103 110103 110103 110101 110103 110103 110103 110103 110106 110103 0
0 110103 110102 110102 110103 110102 110104 110103 110102 110102 110103 110102 110103 110103 110102 110102 110103 110102 110103 110104 110103 110103 110209 110204 110204 110204 110325 110321 110321 110321 110321 110323 110204 110204 110213 110201 110202 110103 110103 110106 110103 110103 110105 110103 110102 110103 110105 110103 110102 110103 110103 110103 110105 110103 110103 110103 110103 110103 110103 110103 110103 0
0 110102 110102 110103 110102 110103 110103 110102 110102 110102 110103 110103 110102 110102 110103 110102 110103 110103 110103 110103 110103 110103 110103 110103 110102 110103 110305 110301 110301 110301 110301 110303 110103 110105 110205 110201 110202 110103 110103 110103 110101 110103 110106 110103 110103 110102 110106 110103 110103 110103 110103 110103 110106 110103 110103 110103 110105 110103 110103 110103 110102 0
0 110102 110102 110102 110102 110102 110102 110102 110103 110102 110103 110102 110102 110103 110102 110103 110103 110102 110103 110103 110103 110104 110103 110103 110104 110103 110305 110301 110301 110301 110301 110303 110102 110106 110205 110201 110202 110103 110103 110103 110103 110103 110103 110103 110103 110103 110103 110103 110103 110103 110102 110103 110103 110103 110103 110103 110106 110103 110105 110103 110103 0
0 110102 110102 110102 110102 110105 110102 110102 110103 110101 110101 110103 110102 110103 110102 110103 110102 110103 110103 110102 110103 110103 110102 110102 110103 110102 110309 110313 110301 110301 110301 110310 110306 110101 110205 110201 110210 110206 110105 110103 110103 110103 110103 110103 110105 110103 110103 110105 110103 110105 110103 110101 110101 110103 110103 110102 110103 110103 110106 110103 110103 0
0 110102 110102 110102 110102 110106 110102 110102 110102 110103 110102 110101 110102 110103 110101 110101 110101 110103 110103 110103 110103 110103 110102 110103 110103 110102 110103 110305 110301 110301 110301 110301 110303 110101 110209 110213 110201 110202 110106 110103 110105 110103 110102 110102 110106 110103 110102 110106 110103 110106 110103 110103 110104 110105 110103 110103 110101 110103 110103 110103 110103 0
0 110102 110102 110102 110102 110102 110102 110103 110102 110102 110102 110102 110101 110101 110103 110102 110102 110103 110102 110103 110103 110102 110105 110103 110103 110102 110101 110305 110301 110301 110301 110301 110303 110103 110105 110205 110201 110202 110103 110101 110106 110103 110103 110103 110103 110103 110103 110103 110103 110103 110101 110101 110103 110106 110103 110103 110103 110103 110102 110105 110103 0
0 110102 110103 110102 110102 110102 110103 110102 110102 110103 110102 110101 110101 110102 110102 110102 110103 110103 110103 110102 110101 110103 110106 110103 110103 110103 110101 110305 110301 110301 110301 110301 110303 110102 110106 110205 110201 110202 110103 110103 110103 110103 110102 110101 110103 110102 110103 110103 110105 110103 110103 110103 110103 110103 110101 110101 110105 110103 110101 110106 110103 0
0 110102 110102 110102 110102 110103 110102 110102 110103 110102 110103 110102 110103 110102 110102 110103 110102 110102 110102 110103 110103 110103 110102 110103 110103 110103 110102 110305 110301 110301 110301 110301 110303 110105 110102 110205 110201 110202 110103 110103 110103 110105 110103 110103 110103 110105 110103 110103 110106 110103 110103 110105 110103 110103 110103 110101 110106 110103 110103 110103 110102 0
0 110102 110101 110102 110102 110102 110103 110102 110103 110102 110102 110102 110102 110102 110102 110102 110102 110102 110102 110102 110102 110102 110103 110103 110103 110102 110102 110305 110301 110301 110301 110301 110303 110106 110102 110205 110201 110202 110103 110103 110103 110106 110103 110105 110103 110106 110103 110103 110101 110103 110103 110106 110103 110101 110103 110101 110103 110101 110101 110102 110102 0
0 110103 110102 110102 110102 110103 110103 110102 110102 110103 110102 110102 110102 110102 110103 110102 110102 110102 110101 110103 110103 110103 110103 110102 110103 110103 110103 110305 110301 110301 110301 110301 110303 110103 110102 110205 110201 110202 110103 110103 110103 110103 110103 110106 110103 110103 110103 110103 110103 110103 110103 110103 110103 110103 110103 110103 110101 110103 110101 110101 110103 0
0 0 0 0 0 0 0 0 0 0 0 0 0 0 0 0 0 0 0 0 0 0 0 0 0 0 0 0 0 0 0 0 0 0 0 0 110201 0 0 0 0 0 0 0 0 0 0 0 0 0 0 0 0 0 0 0 0 0 0 0 0 0
21 0 0 21 36
39 1 0 39 36
