62 37
0 0 0 0 0 0 0 0 0 0 0 0 0 0 0 0 0 0 0 0 0 0 0 0 110201 0 0 0 0 0 0 0 0 0 0 0 0 0 0 0 0 0 0 0 0 0 0 0 0 0 0 0 0 0 0 0 0 0 0 0 0 0
0 110103 110103 110103 110103 110103 110103 110103 110103 110105 110103 110103 110103 110103 110103 110103 110105 110103 110103 110103 110103 110103 110103 110202 110201 110205 110101 110103 110103 110103 110105 110101 110101 110103 110103 110103 110103 110103 110102 110103 110105 110103 110103 110103 110103 110103 110105 110103 110103 110103 110103 110105 110103 110103 110103 110103 110103 110103 110105 110103 110103 0
0 110103 110103 110102 110103 110101 110103 110103 110103 110106 110103 110103 110103 110103 110103 110103 110106 110103 110103 110103 110105 110103 110103 110202 110201 110205 110105 110103 110103 110101 110106 110103 110103 110105 110103 110103 110103 110103 110103 110103 110106 110103 110103 110105 110103 110103 110106 110102 110105 110103 110103 110106 110103 110103 110101 110105 110103 110102 110106 110103 110103 0
0 110103 110102 110102 110105 110103 110103 110103 110101 110103 110103 110103 110104 110105 110103 110103 110103 110103 110103 110103 110106 110103 110101 110202 110201 110205 110106 110103 110105 110103 110103 110103 110103 110106 110103 110105 110103 110101 110103 110103 110103 110102 110103 110106 110103 110101 110103 110103 110106 110103 110103 110103 110103 110105 110103 110106 110102 110101 110103 110103 110105 0
0 110103 110102 110103 110106 110103 110101 110103 110103 110103 110103 110103 110103 110106 110103 110103 110103 110102 110105 110103 110103 110103 110101 110202 110201 110205 110103 110101 110106 110103 110103 110103 110103 110103 110103 110106 110103 110103 110103 110105 110103 110103 110101 110102 110101 110103 110104 110103 110103 110103 110105 110103 110101 110106 110103 110103 110103 110105 110103 110103 110106 0
0 110101 110103 110101 110103 110103 110103 110103 110103 110103 110103 110103 110103 110103 110103 110103 110103 110103 110106 110103 110103 110105 110101 110202 110201 110205 110103 110103 110103 110103 110105 110101 110103 110101 110103 110103 110101 110103 110103 110106 110103 110102 110102 110103 110103 110103 110103 110103 110105 110103 110106 110102 110103 110103 110103 110105 110103 110106 110101 110103 110103 0
0 110103 110103 110103 110103 110103 110103 110102 110103 110105 110103 110103 110102 110103 110103 110103 110104 110103 110103 110103 110101 110106 110103 110202 110201 110205 110103 110105 110103 110103 110106 110104 110103 110105 110103 110103 110103 110102 110102 110101 110102 110103 110103 110103 110103 110105 110103 110103 110106 110103 110103 110105 110103 110103 110103 110106 110103 110103 110103 110105 110102 0
0 110103 110105 110103 110101 110101 110103 110103 110103 110106 110103 110101 110101 110103 110103 110105 110103 110103 110101 110103 110101 110103 110206 110210 110201 110205 110103 110106 110102 110103 110103 110103 110103 110106 110101 110103 110102 110102 110102 110102 110102 110102 110101 110101 110103 110106 110103 110103 110103 110103 110103 110106 110103 110105 110101 110103 110103 110103 110103 110106 110103 0
0 110103 110106 110103 110103 110103 110101 110103 110103 110101 110103 110103 110105 110103 110103 110106 110101 110101 110101 110105 110103 110101 110202 110201 110213 110209 110103 110103 110103 110103 110105 110101 110103 110101 110103 110105 110103 110103 110102 110102 110101 110102 110102 110105 110103 110103 110103 110101 110103 110105 110103 110103 110103 110106 110102 110103 110103 110105 110103 110103 110101 0
0 110203 110203 110203 110203 110203 110207 110103 110103 110103 110103 110103 110106 110101 110101 110101 110101 110103 110103 110106 110101 110103 110202 110201 110205 110103 110103 110105 110103 110103 110106 110103 110105 110103 110103 110106 110103 110101 110101 110103 110105 110103 110103 110106 110101 110103 110105 110103 110103 110106 110103 110103 110102 110102 110102 110105 110103 110106 110101 110103 110105 0
110201 110201 110201 110201 110201 110201 110211 110203 110203 110203 110203 110203 110207 110103 110103 110103 110101 110101 110103 110103 110103 110105 110202 110201 110205 110102 110103 110106 110103 110103 110103 110103 110106 110103 110103 110103 110103 110103 110105 110103 110106 110103 110101 110103 110103 110103 110106 110103 110103 110103 110101 110105 110102 110102 110103 110106 110101 110103 110103 110102 110106 0
0 110204 110204 110204 110204 110204 110204 110204 110204 110204 110204 110212 110211 110203 110203 110203 110203 110203 110203 110203 110207 110106 110202 110201 110205 110105 110103 110103 110103 110105 110103 110105 110103 110103 110103 110103 110105 110103 110106 110103 110103 110101 110103 110103 110103 110103 110101 110103 110101 110101 110103 110106 110103 110105 110103 110103 110103 110103 110105 110103 110103 0
0 110103 110103 110103 110103 110103 110103 110105 110103 110103 110103 110208 110204 110204 110204 110204 110204 110204 110204 110212 110211 110203 110210 110201 110205 110106 110103 110105 110101 110106 110103 110106 110103 110101 110105 110103 110106 110103 110103 110103 110103 110103 110105 110103 110103 110105 110103 110105 110103 110105 110103 110103 110103 110106 110103 110103 110105 110103 110106 110103 110103 0
0 110103 110103 110103 110103 110103 110103 110106 110103 110101 110103 110103 110101 110103 110103 110103 110103 110105 110103 110208 110204 110204 110212 110201 110205 110103 110103 110106 110101 110103 110103 110101 110103 110103 110106 110103 110101 110105 110104 110103 110105 110102 110106 110103 110103 110106 110103 110106 110103 110106 110103 110103 110102 110103 110103 110103 110106 110103 110103 110103 110105 0
0 110103 110103 110103 110103 110101 110101 110103 110103 110103 110105 110103 110103 110103 110103 110103 110103 110106 110103 110101 110101 110101 110202 110201 110205 110103 110102 110103 110102 110103 110103 110103 110103 110103 110101 110101 110103 110106 110103 110103 110106 110103 110103 110103 110105 110103 110103 110101 110101 110103 110103 110105 110103 110103 110105 110103 110103 110104 110103 110103 110106 0
0 110103 110106 110103 110103 110103 110103 110103 110103 110103 110106 110103 110103 110105 110101 110103 110101 110101 110103 110103 110101 110105 110202 110201 110211 110203 110203 110203 110203 110203 110203 110207 110103 110101 110101 110101 110103 110101 110101 110103 110103 110103 110101 110103 110106 110103 110103 110103 110105 110103 110103 110106 110103 110103 110106 110103 110103 110105 110102 110103 110103 0
0 110103 110103 110103 110103 110103 110103 110103 110103 110103 110103 110103 110103 110106 110103 110103 110103 110103 110103 110105 110103 110106 110202 110201 110213 110204 110204 110204 110204 110204 110212 110211 110203 110203 110203 110203 110203 110203 110203 110203 110203 110203 110207 110101 110101 110103 110105 110103 110106 110101 110103 110104 110103 110102 110103 110103 110103 110106 110103 110105 110101 0
0 110103 110103 110102 110103 110103 110103 110103 110105 110104 110103 110103 110103 110103 110102 110103 110105 110103 110103 110106 110103 110101 110202 110201 110205 110103 110103 110103 110103 110103 110208 110204 110204 110204 110204 110204 110204 110204 110204 110204 110204 110212 110211 110203 110207 110103 110106 110103 110103 110103 110105 110103 110103 110103 110105 110103 110101 110103 110103 110106 110101 0
0 110103 110103 110103 110103 110102 110103 110103 110106 110103 110103 110103 110103 110103 110103 110103 110106 110103 110103 110103 110103 110101 110202 110201 110205 110101 110103 110103 110105 110103 110101 110101 110102 110102 110307 110302 110302 110302 110302 110306 110103 110208 110204 110212 110211 110203 110207 110103 110101 110101 110106 110101 110103 110103 110106 110103 110101 110103 110105 110101 110101 0
0 110103 110103 110103 110103 110103 110103 110103 110103 110103 110103 110103 110105 110103 110103 110103 110103 110103 110103 110101 110103 110103 110202 110201 110205 110103 110105 110103 110106 110101 110307 110302 110302 110302 110311 110301 110301 110301 110301 110310 110302 110302 110306 110208 110204 110212 110211 110203 110203 110207 110103 110103 110105 110101 110103 110101 110105 110103 110106 110103 110105 0
0 110103 110102 110103 110101 110105 110103 110103 110103 110103 110103 110103 110106 110103 110103 110103 110103 110103 110105 110103 110103 110206 110210 110201 110205 110103 110106 110102 110307 110302 110311 110301 110301 110301 110301 110301 110301 110301 110301 110301 110301 110301 110310 110306 110101 110208 110204 110204 110212 110211 110203 110207 110106 110103 110103 110103 110106 110103 110101 110101 110106 0
0 110102 110103 110103 110103 110106 110103 110101 110103 110103 110101 110103 110103 110103 110103 110102 110103 110103 110106 110103 110103 110202 110201 110213 110209 110103 110101 110307 110311 110301 110301 110301 110301 110301 110301 110301 110301 110301 110301 110301 110301 110301 110301 110310 110306 110101 110101 110103 110208 110204 110212 110211 110203 110203 110203 110207 110103 110101 110101 110103 110103 0
0 110103 110103 110103 110103 110103 110103 110103 110103 110103 110103 110103 110103 110103 110101 110103 110103 110103 110103 110103 110105 110202 110201 110205 110101 110101 110105 110305 110301 110301 110301 110301 110301 110301 110301 110301 110301 110301 110301 110301 110301 110301 110301 110301 110310 110302 110306 110102 110102 110103 110208 110204 110204 110204 110212 110211 110203 110203 110203 110203 110203 0
0 110103 110103 110102 110103 110103 110103 110102 110103 110103 110102 110103 110103 110103 110103 110103 110103 110101 110103 110103 110106 110202 110201 110205 110101 110103 110106 110305 110301 110301 110301 110301 110312 110304 110304 110304 110313 110301 110301 110301 110301 110301 110301 110301 110301 110301 110310 110302 110302 110306 110102 110103 110103 110103 110208 110204 110204 110204 110212 110201 110201 110201
0 110103 110102 110103 110103 110102 110103 110103 110103 110103 110103 110103 110103 110103 110103 110103 110103 110105 110103 110101 110103 110202 110201 110205 110105 110103 110307 110311 110301 110301 110301 110312 110308 110102 110102 110103 110309 110304 110304 110304 110304 110313 110301 110301 110301 110301 110301 110301 110301 110310 110302 110302 110306 110101 110101 110102 110102 110103 110208 110204 110204 0
0 110101 110103 110103 110102 110102 110103 110103 110102 110103 110103 110103 110102 110103 110103 110103 110103 110106 110103 110103 110103 110202 110201 110205 110106 110102 110305 110301 110301 110301 110312 110308 110105 110103 110105 110103 110103 110103 110103 110103 110103 110309 110313 110301 110301 110301 110301 110301 110301 110301 110301 110301 110310 110302 110302 110302 110302 110302 110306 110102 110102 0
0 110101 110103 110102 110102 110102 110102 110103 110103 110103 110102 110103 110103 110103 110103 110103 110102 110103 110103 110103 110103 110202 110201 110205 110103 110102 110305 110301 110301 110301 110303 110103 110106 110103 110106 110103 110103 110101 110103 110103 110103 110105 110309 110304 110304 110304 110313 110301 110301 110301 110301 110301 110301 110301 110301 110301 110301 110301 110310 110302 110302 0
0 110101 110101 110102 110102 110103 110102 110102 110103 110103 110103 110102 110103 110103 110102 110103 110103 110103 110103 110105 110103 110202 110201 110205 110103 110102 110305 110301 110301 110301 110303 110102 110103 110103 110103 110103 110103 110103 110105 110103 110101 110106 110103 110103 110101 110101 110309 110313 110301 110301 110301 110301 110301 110301 110301 110301 110301 110301 110301 110301 110301 0
0 110102 110101 110101 110103 110102 110102 110103 110102 110102 110102 110102 110102 110103 110103 110103 110103 110103 110103 110106 110103 110202 110201 110205 110103 110105 110305 110301 110301 110301 110303 110102 110101 110103 110103 110103 110105 110103 110106 110103 110103 110103 110103 110101 110101 110101 110101 110309 110304 110304 110304 110313 110301 110301 110301 110301 110301 110301 110301 110301 110301 0
0 110103 110102 110102 110103 110102 110102 110102 110102 110105 110103 110102 110102 110103 110102 110103 110103 110102 110103 110103 110103 110202 110201 110205 110103 110106 110305 110301 110301 110301 110303 110101 110105 110103 110103 110103 110106 110103 110103 110103 110105 110103 110101 110103 110105 110101 110101 110101 110103 110101 110101 110309 110304 110304 110304 110304 110304 110313 110301 110301 110301 0
0 110102 110102 110103 110102 110103 110102 110103 110102 110106 110102 110101 110103 110102 110103 110103 110103 110103 110103 110103 110102 110202 110201 110205 110103 110102 110305 110301 110301 110301 110303 110101 110106 110103 110105 110101 110103 110103 110103 110103 110106 110103 110103 110103 110106 110103 110103 110105 110103 110103 110103 110105 110103 110103 110103 110101 110101 110309 110304 110304 110304 0
0 110102 110102 110102 110102 110102 110102 110102 110103 110102 110102 110102 110102 110102 110103 110101 110103 110103 110103 110103 110103 110202 110201 110205 110101 110307 110311 110301 110301 110312 110308 110101 110103 110103 110106 110103 110103 110103 110105 110103 110103 110103 110103 110103 110103 110103 110103 110106 110103 110103 110103 110106 110103 110103 110103 110103 110103 110103 110103 110105 110101 0
0 110102 110102 110102 110103 110102 110102 110102 110101 110102 110102 110103 110103 110102 110102 110102 110102 110102 110102 110103 110206 110210 110201 110205 110102 110305 110301 110301 110301 110303 110103 110105 110103 110103 110103 110103 110103 110101 110106 110103 110103 110104 110101 110103 110103 110103 110103 110103 110103 110103 110101 110103 110103 110104 110103 110105 110104 110103 110103 110106 110103 0
0 110102 110103 110102 110101 110102 110103 110103 110102 110103 110102 110102 110103 110102 110104 110102 110102 110103 110103 110103 110202 110201 110213 110209 110102 110305 110301 110301 110301 110303 110103 110106 110103 110103 110103 110105 110103 110103 110103 110103 110101 110103 110105 110103 110105 110103 110103 110103 110105 110103 110103 110103 110103 110103 110103 110106 110103 110105 110103 110103 110103 0
0 110102 110102 110103 110102 110102 110102 110102 110102 110102 110103 110103 110102 110102 110102 110102 110103 110103 110102 110103 110202 110201 110205 110102 110102 110305 110301 110301 110301 110303 110103 110103 110101 110101 110103 110106 110101 110103 110104 110103 110103 110103 110106 110103 110106 110103 110103 110103 110106 110103 110105 110103 110103 110105 110101 110101 110103 110106 110101 110101 110103 0
0 110102 110102 110102 110102 110102 110102 110102 110102 110102 110102 110103 110102 110102 110102 110103 110103 110102 110103 110103 110202 110201 110205 110102 110103 110305 110301 110301 110301 110303 110103 110103 110103 110103 110103 110103 110103 110103 110103 110103 110103 110103 110104 110103 110103 110103 110103 110103 110103 110103 110106 110103 110103 110106 110103 110104 110103 110101 110101 110103 110103 0
0 0 0 0 0 0 0 0 0 0 0 0 0 0 0 0 0 0 0 0 0 110201 0 0 0 0 0 0 0 0 0 0 0 0 0 0 0 0 0 0 0 0 0 0 0 0 0 0 0 0 0 0 0 0 0 0 0 0 0 0 0 0
